<!DOCTYPE html>
<html lang="zh-CN">
<head>
<meta charset="UTF-8">
<title>从语料到词间矩阵</title>
<script>
// 全局词间注意力权重矩阵 (PMI + 语义分组)
// vocab: 116 个不重复 token
// matrix[i][j] = token_i 出现时对 token_j 的关注程度 (0~1)
window.GLOBAL_ATTN = {"vocab": ["紫霞", "捧着", "月光", "宝盒", "，", "轻声", "问", "：", "哥哥", "你", "说", "喜欢", "我", "可", "从来", "不肯", "开口", "怎么", "知道", "真的", "爱", "？", "黛玉", "将", "花瓣", "撒入", "流水", "抬眼", "宝玉", "这", "花", "谢", "了", "还", "能", "再", "开", "吗", "走", "回来", "女儿国", "国王", "望着", "灯笼", "亮", "又", "灭", "喃喃", "道", "御弟", "这么", "久", "只会", "等", "心疼", "黄蓉", "转头", "对", "郭靖", "急", "靖", "站着", "干嘛", "舍得", "不", "就", "一次", "也", "好", "啊", "！", "小龙女", "杨过", "过儿", "执念", "东西", "放下", "还是", "想", "沈眉庄", "抚着", "杏花", "簪", "叹道", "姐姐", "看", "他", "白凤九", "抬头", "东华帝君", "懂", "只是", "花千骨", "跪在", "殿外", "声音", "已", "哑", "师父", "过", "留下", "女朋友", "不会", "生气", "吧", "。", "带", "出去", "玩", "吃醋", "给", "吃", "糖", "揍", "可怕", "像"], "matrix": [[1.0, 0.9524, 0.7937, 0.7008, 0.0, 0.4252, 0.2247, 0.0, 0.0476, 0.0, 0.0, 0.0, 0.0, 0.0, 0.0, 0.0, 0.0, 0.0, 0.0, 0.0, 0.0, 0.0, 0.0476, 0.0, 0.0, 0.0, 0.0, 0.0, 0.0476, 0.0, 0.0, 0.0, 0.0, 0.0, 0.0, 0.0, 0.0, 0.0, 0.0, 0.0, 0.0476, 0.0476, 0.0, 0.0, 0.0, 0.0, 0.0, 0.0, 0.0, 0.0476, 0.0, 0.0, 0.0, 0.0, 0.0, 0.0476, 0.0, 0.0, 0.0476, 0.0, 0.0476, 0.0, 0.0, 0.0, 0.0, 0.0, 0.0, 0.0, 0.0, 0.0, 0.0, 0.0476, 0.0476, 0.0476, 0.0, 0.0, 0.0, 0.0, 0.0, 0.0476, 0.0, 0.0, 0.0, 0.0, 0.0476, 0.0, 0.0, 0.0476, 0.0, 0.0476, 0.0, 0.0, 0.0476, 0.0, 0.0, 0.0, 0.0, 0.0, 0.0476, 0.0, 0.0, 0.0, 0.0, 0.0, 0.0, 0.0, 0.0, 0.0, 0.0, 0.0, 0.0, 0.0, 0.0, 0.0, 0.0, 0.0], [0.9524, 1.0, 0.9524, 0.7937, 0.0, 0.4763, 0.2665, 0.0026, 0.0, 0.0, 0.0, 0.0, 0.0, 0.0, 0.0, 0.0, 0.0, 0.0, 0.0, 0.0, 0.0, 0.0, 0.0, 0.0, 0.0, 0.0, 0.0, 0.0, 0.0, 0.0, 0.0, 0.0, 0.0, 0.0, 0.0, 0.0, 0.0, 0.0, 0.0, 0.0, 0.0, 0.0, 0.0, 0.0, 0.0, 0.0, 0.0, 0.0, 0.0, 0.0, 0.0, 0.0, 0.0, 0.0, 0.0, 0.0, 0.0, 0.0, 0.0, 0.0, 0.0, 0.0, 0.0, 0.0, 0.0, 0.0, 0.0, 0.0, 0.0, 0.0, 0.0, 0.0, 0.0, 0.0, 0.0, 0.0, 0.0, 0.0, 0.0, 0.0, 0.0, 0.0, 0.0, 0.0, 0.0, 0.0, 0.0, 0.0, 0.0, 0.0, 0.0, 0.0, 0.0, 0.0, 0.0, 0.0, 0.0, 0.0, 0.0, 0.0, 0.0, 0.0, 0.0, 0.0, 0.0, 0.0, 0.0, 0.0, 0.0, 0.0, 0.0, 0.0, 0.0, 0.0, 0.0, 0.0], [0.7937, 0.9524, 1.0, 1.0, 0.0, 0.5421, 0.3175, 0.0043, 0.0149, 0.0, 0.0, 0.0, 0.0, 0.0, 0.0, 0.0, 0.0, 0.0, 0.0, 0.0, 0.0, 0.0, 0.0, 0.0, 0.0476, 0.0, 0.0476, 0.0, 0.0, 0.0, 0.0476, 0.0, 0.0, 0.0, 0.0, 0.0, 0.0, 0.0, 0.0, 0.0, 0.0, 0.0, 0.0, 0.0476, 0.0, 0.0, 0.0, 0.0, 0.0, 0.0, 0.0, 0.0, 0.0, 0.0, 0.0, 0.0, 0.0, 0.0, 0.0, 0.0, 0.0, 0.0, 0.0, 0.0, 0.0, 0.0, 0.0, 0.0, 0.0, 0.0, 0.0, 0.0, 0.0, 0.0, 0.0, 0.0, 0.0, 0.0, 0.0, 0.0, 0.0, 0.0476, 0.0476, 0.0, 0.0, 0.0, 0.0, 0.0, 0.0, 0.0, 0.0, 0.0, 0.0, 0.0, 0.0476, 0.0, 0.0, 0.0, 0.0, 0.0, 0.0, 0.0, 0.0, 0.0, 0.0, 0.0, 0.0, 0.0, 0.0, 0.0, 0.0, 0.0, 0.0476, 0.0, 0.0, 0.0], [0.7008, 0.7937, 1.0, 1.0, 0.0075, 0.635, 0.3834, 0.0064, 0.0567, 0.0, 0.0, 0.0, 0.0, 0.0, 0.0, 0.0, 0.0, 0.0, 0.0, 0.0, 0.0, 0.0, 0.0, 0.0, 0.0476, 0.0, 0.0476, 0.0, 0.0, 0.0, 0.0476, 0.0, 0.0, 0.0, 0.0, 0.0, 0.0, 0.0, 0.0, 0.0, 0.0, 0.0, 0.0, 0.0476, 0.0, 0.0, 0.0, 0.0, 0.0, 0.0, 0.0, 0.0, 0.0, 0.0, 0.0, 0.0, 0.0, 0.0, 0.0, 0.0, 0.0, 0.0, 0.0, 0.0, 0.0, 0.0, 0.0, 0.0, 0.0, 0.0, 0.0, 0.0, 0.0, 0.0, 0.0, 0.0, 0.0, 0.0, 0.0, 0.0, 0.0, 0.0476, 0.0476, 0.0, 0.0, 0.0, 0.0, 0.0, 0.0, 0.0, 0.0, 0.0, 0.0, 0.0, 0.0476, 0.0, 0.0, 0.0, 0.0, 0.0, 0.0, 0.0, 0.0, 0.0, 0.0, 0.0, 0.0, 0.0, 0.0, 0.0, 0.0, 0.0, 0.0476, 0.0, 0.0, 0.0], [0.0, 0.0, 0.0, 0.0075, 1.0, 0.0031, 0.0001, 0.0, 0.0055, 0.005, 0.0028, 0.0034, 0.0029, 0.0056, 0.0013, 0.0027, 0.0077, 0.0, 0.0, 0.0021, 0.0, 0.0, 0.0, 0.0, 0.0, 0.0, 0.0061, 0.0077, 0.0034, 0.0026, 0.0, 0.0038, 0.0025, 0.0, 0.0, 0.0, 0.0, 0.0, 0.0034, 0.0019, 0.0, 0.0, 0.0, 0.0, 0.0, 0.0026, 0.0061, 0.0077, 0.0, 0.0034, 0.0034, 0.0077, 0.0033, 0.0075, 0.0024, 0.0, 0.0, 0.0, 0.0, 0.0, 0.0, 0.0, 0.0061, 0.0024, 0.0038, 0.0024, 0.0, 0.0, 0.0003, 0.0, 0.0, 0.0, 0.0, 0.0061, 0.0024, 0.0077, 0.0, 0.0002, 0.0, 0.0, 0.0, 0.0, 0.0, 0.0, 0.0, 0.0039, 0.0, 0.0, 0.0, 0.0, 0.0, 0.0061, 0.0, 0.0, 0.0061, 0.0077, 0.0034, 0.0024, 0.0077, 0.0, 0.0, 0.003, 0.0, 0.0, 0.0, 0.0, 0.0034, 0.0034, 0.0077, 0.0, 0.0011, 0.0028, 0.0075, 0.0, 0.0, 0.0061], [0.4252, 0.4763, 0.5421, 0.635, 0.0031, 1.0, 0.635, 0.011, 0.0149, 0.0, 0.0, 0.0, 0.0, 0.0, 0.0, 0.0, 0.0, 0.0, 0.0, 0.0, 0.0, 0.0, 0.0, 0.0, 0.0, 0.0, 0.0, 0.0, 0.0, 0.0, 0.0, 0.0, 0.0, 0.0, 0.0, 0.0, 0.0, 0.0, 0.0, 0.0, 0.0, 0.0, 0.0, 0.0, 0.0, 0.0, 0.0, 0.0, 0.0, 0.0, 0.0, 0.0, 0.0, 0.0, 0.0, 0.0, 0.0, 0.0, 0.0, 0.0, 0.0, 0.0, 0.0, 0.0, 0.0, 0.0, 0.0, 0.0, 0.0, 0.0, 0.0, 0.7937, 0.635, 0.4763, 0.0, 0.0, 0.0, 0.0, 0.0, 0.0, 0.0, 0.0, 0.0, 0.0, 0.0, 0.0, 0.0, 0.0, 0.0, 0.0, 0.0, 0.0, 0.0, 0.0, 0.0, 0.0, 0.0, 0.0, 0.0, 0.0, 0.0, 0.0, 0.0, 0.0, 0.0, 0.0, 0.0, 0.0, 0.0, 0.0, 0.0, 0.0, 0.0, 0.0, 0.0, 0.0], [0.2247, 0.2665, 0.3175, 0.3834, 0.0001, 0.635, 1.0, 0.0164, 0.143, 0.0, 0.0931, 0.0, 0.0, 0.0, 0.0, 0.0, 0.0476, 0.0, 0.0476, 0.0, 0.0, 0.0, 0.0, 0.2247, 0.2665, 0.3175, 0.3834, 0.635, 0.4763, 0.0, 0.0, 0.0, 0.0, 0.0, 0.0, 0.0, 0.0, 0.0, 0.0476, 0.0476, 0.0, 0.0, 0.0, 0.0, 0.0, 0.0, 0.0, 0.0, 0.0, 0.0, 0.0, 0.0, 0.0, 0.0, 0.0, 0.0, 0.0, 0.0, 0.0, 0.0, 0.0, 0.0476, 0.0, 0.0, 0.0, 0.0, 0.0, 0.0, 0.0, 0.0, 0.0, 0.4763, 0.635, 0.3834, 0.0, 0.0, 0.0476, 0.0, 0.0, 0.0, 0.0, 0.0, 0.0, 0.0, 0.0, 0.0476, 0.0, 0.4763, 0.635, 0.635, 0.066, 0.0, 0.0, 0.0, 0.0, 0.0, 0.0, 0.0, 0.0, 0.0, 0.0476, 0.0, 0.0, 0.0, 0.0, 0.0, 0.0, 0.0, 0.0, 0.0, 0.0, 0.0, 0.0, 0.0, 0.0, 0.0], [0.0, 0.0026, 0.0043, 0.0064, 0.0, 0.011, 0.0164, 1.0, 0.0094, 0.0, 0.0, 0.0026, 0.0, 0.0, 0.0, 0.0, 0.0, 0.0, 0.0, 0.0, 0.0, 0.0, 0.0, 0.0, 0.0026, 0.0043, 0.0064, 0.0127, 0.0191, 0.0006, 0.0, 0.0, 0.0, 0.0, 0.0, 0.0, 0.0, 0.0, 0.0, 0.0, 0.0, 0.0, 0.0, 0.0, 0.0, 0.0, 0.0064, 0.0127, 0.0191, 0.0191, 0.0, 0.0, 0.0, 0.0, 0.0, 0.0026, 0.0043, 0.0, 0.009, 0.0127, 0.0191, 0.0043, 0.0026, 0.0, 0.0, 0.0, 0.0, 0.0, 0.0, 0.0, 0.0, 0.0064, 0.0191, 0.0191, 0.0043, 0.0, 0.0, 0.0, 0.0, 0.0043, 0.0064, 0.009, 0.0127, 0.0191, 0.0191, 0.0026, 0.0, 0.0064, 0.009, 0.0191, 0.0, 0.0, 0.0, 0.0026, 0.0043, 0.009, 0.0127, 0.0191, 0.0191, 0.0043, 0.0, 0.0, 0.0, 0.0, 0.0, 0.0, 0.0, 0.0, 0.0, 0.0, 0.0, 0.0, 0.0, 0.0, 0.0, 0.0], [0.0476, 0.0, 0.0149, 0.0567, 0.0055, 0.0149, 0.143, 0.0094, 1.0, 0.0624, 0.0, 0.0567, 0.0, 0.0, 0.0, 0.0, 0.0, 0.0, 0.0, 0.0, 0.0, 0.0, 0.0476, 0.0, 0.0, 0.0, 0.0149, 0.1077, 0.4728, 0.0, 0.0367, 0.1736, 0.0149, 0.0149, 0.0, 0.0, 0.0, 0.0, 0.2395, 0.0, 0.0476, 0.0476, 0.0, 0.0, 0.0, 0.0149, 0.0149, 0.1077, 0.1736, 0.4728, 0.0567, 0.0149, 0.0, 0.0, 0.1736, 0.0476, 0.0, 0.1077, 0.1043, 0.1077, 0.4728, 0.1736, 0.1077, 0.0, 0.0, 0.0, 0.0, 0.0, 0.0, 0.0, 0.0, 0.0476, 0.0476, 0.0476, 0.0, 0.0, 0.0, 0.0, 0.0, 0.0476, 0.0, 0.0, 0.0, 0.0, 0.0476, 0.0, 0.0149, 0.1043, 0.1077, 0.3141, 0.0149, 0.0, 0.0476, 0.0, 0.0, 0.0, 0.0, 0.0, 0.0476, 0.0, 0.0, 0.0, 0.0, 0.1736, 0.0149, 0.0133, 0.1736, 0.0567, 0.0149, 0.0, 0.1077, 0.0149, 0.0, 0.0, 0.0, 0.0149], [0.0, 0.0, 0.0, 0.0, 0.005, 0.0, 0.0, 0.0, 0.0624, 1.0, 0.1774, 0.3116, 0.0525, 0.2497, 0.1669, 0.0, 0.0624, 0.1135, 0.1405, 0.1488, 0.1405, 0.0, 0.0, 0.0, 0.0, 0.0, 0.0, 0.0, 0.0, 0.0, 0.0, 0.0, 0.0, 0.1135, 0.0, 0.0, 0.0, 0.0, 0.1677, 0.0, 0.0, 0.0, 0.0, 0.0, 0.0, 0.0, 0.0, 0.0, 0.0, 0.0, 0.1135, 0.1405, 0.0, 0.0235, 0.0, 0.0, 0.0, 0.0894, 0.0, 0.0, 0.0477, 0.1646, 0.1646, 0.0477, 0.0, 0.0, 0.0, 0.0, 0.0, 0.0477, 0.0, 0.0, 0.0, 0.0477, 0.0477, 0.0, 0.0, 0.1173, 0.0, 0.0, 0.0, 0.0, 0.0, 0.0, 0.2064, 0.1135, 0.0477, 0.0, 0.0, 0.0, 0.2282, 0.0, 0.0, 0.0, 0.0, 0.0, 0.0, 0.0, 0.0477, 0.0477, 0.0, 0.2064, 0.0718, 0.0624, 0.0, 0.0, 0.2481, 0.1135, 0.1405, 0.0, 0.1247, 0.083, 0.1247, 0.0, 0.0477, 0.0], [0.0, 0.0, 0.0, 0.0, 0.0028, 0.0, 0.0931, 0.0, 0.0, 0.1774, 1.0, 0.3481, 0.0, 0.0, 0.2247, 0.2553, 0.0476, 0.0, 0.0476, 0.0256, 0.0, 0.0047, 0.0, 0.0, 0.0, 0.0, 0.0, 0.0, 0.1894, 0.2823, 0.1894, 0.0966, 0.0, 0.0567, 0.2042, 0.0, 0.0, 0.0766, 0.0476, 0.0513, 0.0, 0.0, 0.0, 0.0, 0.0, 0.0, 0.0, 0.0, 0.0, 0.0, 0.0, 0.0, 0.0, 0.0, 0.0, 0.0, 0.0, 0.0, 0.0, 0.0, 0.0, 0.0476, 0.0, 0.0, 0.0, 0.0307, 0.0, 0.0, 0.0, 0.0, 0.0, 0.0, 0.1383, 0.2553, 0.5068, 0.2553, 0.0783, 0.414, 0.0966, 0.0, 0.0, 0.0, 0.0, 0.0, 0.0, 0.0476, 0.5068, 0.0, 0.0, 0.0, 0.0, 0.2553, 0.0, 0.0, 0.0, 0.0, 0.0, 0.0, 0.0, 0.1383, 0.0476, 0.0, 0.0, 0.0, 0.0, 0.0, 0.0, 0.0, 0.0, 0.0, 0.0, 0.0, 0.0, 0.0, 0.0, 0.0], [0.0, 0.0, 0.0, 0.0, 0.0034, 0.0, 0.0, 0.0026, 0.0567, 0.3116, 0.3481, 1.0, 0.3481, 0.5421, 0.2665, 0.2906, 0.0, 0.0, 0.0, 0.0, 0.0476, 0.0, 0.0, 0.0, 0.0, 0.0, 0.0, 0.0, 0.0, 0.0, 0.0, 0.0, 0.0, 0.0, 0.0, 0.0, 0.0, 0.0, 0.0, 0.0, 0.0, 0.0, 0.0, 0.0, 0.0, 0.0, 0.0, 0.0, 0.0, 0.0, 0.0, 0.0, 0.0, 0.0476, 0.0476, 0.0, 0.0, 0.0, 0.0, 0.0, 0.0, 0.0, 0.0, 0.0476, 0.0, 0.0, 0.0, 0.0, 0.0, 0.0, 0.0, 0.0, 0.0, 0.0, 0.0, 0.0, 0.0, 0.0, 0.0476, 0.0, 0.0, 0.0, 0.0, 0.0, 0.0, 0.0, 0.0, 0.0, 0.0, 0.0, 0.0476, 0.0, 0.0, 0.0, 0.0, 0.0, 0.0, 0.0, 0.0, 0.0, 0.0, 0.0, 0.0, 0.0476, 0.0, 0.0, 0.0, 0.0, 0.0, 0.0476, 0.0, 0.0, 0.0, 0.0, 0.0476, 0.0], [0.0, 0.0, 0.0, 0.0, 0.0029, 0.0, 0.0, 0.0, 0.0, 0.0525, 0.0, 0.3481, 1.0, 0.2247, 0.066, 0.1218, 0.2553, 0.3899, 0.3175, 0.0307, 0.3109, 0.0016, 0.0, 0.0, 0.0, 0.0, 0.0, 0.0, 0.0, 0.0, 0.0, 0.0, 0.0, 0.0, 0.0, 0.0, 0.0, 0.1184, 0.0, 0.0, 0.0, 0.0, 0.0, 0.0, 0.0, 0.0, 0.0, 0.0, 0.0, 0.0, 0.2247, 0.0, 0.2885, 0.1894, 0.2495, 0.0, 0.0, 0.1894, 0.0, 0.0, 0.0, 0.0, 0.0, 0.0, 0.0307, 0.0, 0.0, 0.0, 0.0548, 0.0, 0.0, 0.0, 0.0, 0.0, 0.0, 0.0, 0.0, 0.0966, 0.0, 0.0, 0.0, 0.0, 0.0, 0.0, 0.0, 0.1894, 0.0, 0.0, 0.0, 0.0, 0.3699, 0.1894, 0.0, 0.0, 0.0, 0.0, 0.0, 0.0, 0.0, 0.3481, 0.0307, 0.0994, 0.0966, 0.0, 0.1319, 0.0, 0.3481, 0.3481, 0.1894, 0.0, 0.3481, 0.3481, 0.2553, 0.3481, 0.0307, 0.414], [0.0, 0.0, 0.0, 0.0, 0.0056, 0.0, 0.0, 0.0, 0.0, 0.2497, 0.0, 0.5421, 0.2247, 1.0, 0.3175, 0.2906, 0.4763, 0.0, 0.635, 0.0, 0.0, 0.0, 0.0, 0.0, 0.0, 0.0, 0.0, 0.0, 0.0, 0.0, 0.0, 0.0, 0.0625, 0.0476, 0.0, 0.0, 0.0, 0.0476, 0.1319, 0.0, 0.0, 0.0, 0.0, 0.0, 0.0, 0.0, 0.0, 0.0, 0.0, 0.0, 0.3175, 0.5421, 0.3175, 0.4763, 0.0, 0.0, 0.0, 0.0476, 0.0, 0.0, 0.0, 0.0, 0.0, 0.0, 0.0, 0.0476, 0.0, 0.0476, 0.0476, 0.0476, 0.0, 0.0, 0.0, 0.0, 0.0, 0.0, 0.0, 0.0, 0.0, 0.0, 0.0, 0.0, 0.0, 0.0, 0.0, 0.0, 0.0, 0.0, 0.0, 0.0, 0.0, 0.0, 0.0, 0.0, 0.0, 0.0, 0.0, 0.0, 0.0, 0.0, 0.0, 0.0, 0.0, 0.0, 0.0476, 0.0, 0.0, 0.0, 0.0, 0.0, 0.0, 0.0, 0.0, 0.0, 0.0, 0.0], [0.0, 0.0, 0.0, 0.0, 0.0013, 0.0, 0.0, 0.0, 0.0, 0.1669, 0.2247, 0.2665, 0.066, 0.3175, 1.0, 0.6081, 0.4763, 0.3141, 0.066, 0.0476, 0.0, 0.002, 0.0, 0.0, 0.0, 0.0, 0.0, 0.0, 0.0, 0.0, 0.0, 0.0, 0.0, 0.0, 0.0, 0.0, 0.0, 0.0, 0.0, 0.0, 0.0, 0.0, 0.0, 0.0, 0.0, 0.0, 0.0, 0.0, 0.0, 0.0, 0.0476, 0.0, 0.3652, 0.0, 0.066, 0.0, 0.0, 0.0, 0.0, 0.0, 0.0, 0.0, 0.0, 0.0, 0.2723, 0.4763, 0.0, 0.0, 0.0, 0.0, 0.0, 0.0, 0.0, 0.0, 0.0, 0.0, 0.1588, 0.3382, 0.3834, 0.0, 0.0, 0.0, 0.0, 0.0, 0.0, 0.3175, 0.0, 0.0, 0.0, 0.0, 0.1588, 0.6826, 0.0, 0.0, 0.0, 0.0, 0.0, 0.0, 0.0, 0.0, 0.0, 0.0, 0.0476, 0.0, 0.0, 0.0, 0.0, 0.0, 0.0, 0.0, 0.0, 0.0, 0.0, 0.0, 0.0, 0.0], [0.0, 0.0, 0.0, 0.0, 0.0027, 0.0, 0.0, 0.0, 0.0, 0.0, 0.2553, 0.2906, 0.1218, 0.2906, 0.6081, 1.0, 0.7008, 0.431, 0.1736, 0.0476, 0.0, 0.0053, 0.0, 0.0, 0.0, 0.0, 0.0, 0.0, 0.0, 0.0, 0.0, 0.0, 0.0, 0.0, 0.0, 0.0, 0.0, 0.0, 0.0, 0.0, 0.0, 0.0, 0.0, 0.0, 0.0, 0.0, 0.0, 0.0, 0.0, 0.0, 0.0476, 0.0, 0.0625, 0.0, 0.2906, 0.0, 0.0, 0.0, 0.0, 0.0, 0.0, 0.0, 0.0, 0.0, 0.0476, 0.0, 0.0, 0.0, 0.0, 0.0, 0.0, 0.0, 0.0, 0.0, 0.0, 0.0, 0.0, 0.0476, 0.0, 0.0, 0.0, 0.0, 0.0, 0.0, 0.0, 0.2247, 0.0, 0.0, 0.0, 0.0, 0.1736, 0.5897, 0.0, 0.0, 0.0, 0.0, 0.0, 0.0, 0.0, 0.0, 0.7008, 0.0, 0.0476, 0.0, 0.0, 0.0, 0.0, 0.0, 0.0, 0.0, 0.0, 0.0, 0.0, 0.0, 0.0, 0.0], [0.0, 0.0, 0.0, 0.0, 0.0077, 0.0, 0.0476, 0.0, 0.0, 0.0624, 0.0476, 0.0, 0.2553, 0.4763, 0.4763, 0.7008, 1.0, 0.7008, 0.5239, 0.2906, 0.0, 0.0, 0.0, 0.0, 0.0, 0.0, 0.0, 0.0, 0.0, 0.0, 0.0, 0.0, 0.0, 0.0, 0.0, 0.0, 0.0, 0.0, 0.0476, 0.0476, 0.0, 0.0, 0.0, 0.0, 0.0, 0.0, 0.0, 0.0, 0.0, 0.0, 0.0, 0.0, 0.0, 0.0, 0.0, 0.0, 0.0, 0.0, 0.0, 0.0, 0.0, 0.0476, 0.0, 0.0, 0.0, 0.0, 0.0, 0.0, 0.0, 0.0, 0.0, 0.0, 0.0, 0.0, 0.0, 0.0, 0.0476, 0.0, 0.0, 0.0, 0.0, 0.0, 0.0, 0.0, 0.0, 0.0476, 0.0, 0.0, 0.0, 0.0, 0.0, 0.0, 0.0, 0.0, 0.0, 0.0, 0.0, 0.0, 0.0, 0.0, 0.0476, 0.0, 0.0, 0.0, 0.0, 0.0, 0.0, 0.0, 0.0, 0.0, 0.0, 0.0, 0.0, 0.0, 0.0, 0.0], [0.0, 0.0, 0.0, 0.0, 0.0, 0.0, 0.0, 0.0, 0.0, 0.1135, 0.0, 0.0, 0.3899, 0.0, 0.3141, 0.431, 0.7008, 1.0, 0.7937, 0.4969, 0.4763, 0.0, 0.0, 0.0, 0.0, 0.0, 0.0, 0.0, 0.0, 0.0, 0.0, 0.0, 0.0, 0.0, 0.0, 0.0, 0.0, 0.0, 0.0, 0.0, 0.0, 0.0, 0.0, 0.0, 0.0, 0.0, 0.0, 0.0, 0.0, 0.0, 0.0476, 0.0, 0.0476, 0.0, 0.0, 0.0, 0.0, 0.0, 0.0, 0.0, 0.0, 0.0, 0.0, 0.0, 0.0476, 0.0, 0.0, 0.0, 0.0, 0.0, 0.0, 0.0, 0.0, 0.0, 0.0, 0.0, 0.0, 0.0476, 0.0, 0.0, 0.0, 0.0, 0.0, 0.0, 0.0, 0.0, 0.0, 0.0, 0.0, 0.0, 0.0, 0.0476, 0.0, 0.0, 0.0, 0.0, 0.0, 0.0, 0.0, 0.0, 0.0, 0.0, 0.0476, 0.0, 0.0, 0.0, 0.0, 0.0, 0.0, 0.0, 0.0, 0.0, 0.0, 0.0, 0.0, 0.0], [0.0, 0.0, 0.0, 0.0, 0.0, 0.0, 0.0476, 0.0, 0.0, 0.1405, 0.0476, 0.0, 0.3175, 0.635, 0.066, 0.1736, 0.5239, 0.7937, 1.0, 0.3834, 0.3834, 0.0, 0.0, 0.0, 0.0, 0.0, 0.0, 0.0, 0.0, 0.0, 0.0, 0.0, 0.0, 0.0, 0.0, 0.0, 0.0, 0.0, 0.0476, 0.0476, 0.0, 0.0, 0.0, 0.0, 0.0, 0.0, 0.0, 0.0, 0.0, 0.0, 0.2665, 0.4763, 0.3946, 0.5421, 0.1319, 0.0, 0.0, 0.0, 0.0, 0.0, 0.0, 0.0476, 0.0, 0.0, 0.0, 0.0, 0.0, 0.0, 0.0, 0.0, 0.0, 0.0, 0.0, 0.0, 0.0, 0.0, 0.0476, 0.0, 0.0, 0.0, 0.0, 0.0, 0.0, 0.0, 0.0, 0.0476, 0.0, 0.0, 0.0, 0.0, 0.0, 0.0, 0.0, 0.0, 0.0, 0.0, 0.0, 0.0, 0.0, 0.0, 0.0476, 0.0, 0.0, 0.0, 0.0, 0.0, 0.0, 0.0, 0.0, 0.0, 0.0, 0.0, 0.0, 0.0, 0.0, 0.0], [0.0, 0.0, 0.0, 0.0, 0.0021, 0.0, 0.0, 0.0, 0.0, 0.1488, 0.0256, 0.0, 0.0307, 0.0, 0.0476, 0.0476, 0.2906, 0.4969, 0.3834, 1.0, 0.5421, 0.0003, 0.0, 0.0, 0.0, 0.0, 0.0, 0.0, 0.0, 0.2247, 0.0, 0.0, 0.0, 0.0, 0.5421, 0.0, 0.0, 0.039, 0.0, 0.1977, 0.0, 0.0, 0.0, 0.0, 0.0, 0.0, 0.0, 0.0, 0.0, 0.0, 0.0476, 0.0, 0.0476, 0.0, 0.0, 0.0, 0.0, 0.0, 0.0, 0.0, 0.0, 0.3834, 0.4493, 0.7008, 0.3382, 0.1736, 0.0, 0.0, 0.0, 0.0, 0.0, 0.0, 0.0, 0.0, 0.3834, 0.5421, 0.3834, 0.1284, 0.0, 0.0, 0.0, 0.0, 0.0, 0.0, 0.0, 0.0, 0.0, 0.0, 0.0, 0.0, 0.0, 0.0476, 0.0, 0.0, 0.0, 0.0, 0.0, 0.0, 0.0, 0.0, 0.0, 0.0, 0.0476, 0.0, 0.0, 0.0, 0.0, 0.0, 0.0, 0.0, 0.0, 0.0, 0.0, 0.0, 0.0, 0.0], [0.0, 0.0, 0.0, 0.0, 0.0, 0.0, 0.0, 0.0, 0.0, 0.1405, 0.0, 0.0476, 0.3109, 0.0, 0.0, 0.0, 0.0, 0.4763, 0.3834, 0.5421, 1.0, 0.0064, 0.0, 0.0, 0.0, 0.0, 0.0, 0.0, 0.0, 0.0, 0.0, 0.0, 0.0, 0.0, 0.0, 0.0, 0.0, 0.1319, 0.0, 0.0, 0.0, 0.0, 0.0, 0.0, 0.0, 0.0, 0.0, 0.0, 0.0, 0.0, 0.0, 0.0, 0.0, 0.0476, 0.0476, 0.0, 0.0, 0.0, 0.0, 0.0, 0.0, 0.0, 0.0, 0.0476, 0.0, 0.0, 0.0, 0.0, 0.0, 0.0, 0.0, 0.0, 0.0, 0.0, 0.0, 0.0, 0.0, 0.1736, 0.0476, 0.0, 0.0, 0.0, 0.0, 0.0, 0.0, 0.0, 0.0, 0.0, 0.0, 0.0, 0.0476, 0.0, 0.0, 0.0, 0.0, 0.0, 0.3834, 0.4252, 0.5421, 0.7937, 0.0, 0.0, 0.0, 0.0476, 0.0, 0.0, 0.0, 0.0, 0.0, 0.0476, 0.0, 0.0, 0.0, 0.0, 0.0476, 0.0], [0.0, 0.0, 0.0, 0.0, 0.0, 0.0, 0.0, 0.0, 0.0, 0.0, 0.0047, 0.0, 0.0016, 0.0, 0.002, 0.0053, 0.0, 0.0, 0.0, 0.0003, 0.0064, 1.0, 0.0, 0.0, 0.0, 0.0, 0.0, 0.0, 0.0, 0.0, 0.0, 0.0, 0.0, 0.0012, 0.0041, 0.0053, 0.0026, 0.0153, 0.0016, 0.0067, 0.0, 0.0, 0.0, 0.0, 0.0, 0.0, 0.0, 0.0, 0.0, 0.0, 0.0, 0.0, 0.0, 0.0006, 0.0026, 0.0, 0.0, 0.0, 0.0, 0.0, 0.0, 0.0, 0.0, 0.0, 0.0, 0.001, 0.0, 0.0, 0.0053, 0.0, 0.0, 0.0, 0.0, 0.0, 0.0, 0.0, 0.0127, 0.0153, 0.009, 0.0, 0.0, 0.0, 0.0, 0.0, 0.0, 0.0, 0.0026, 0.0, 0.0, 0.0, 0.0053, 0.0073, 0.0, 0.0, 0.0, 0.0, 0.0, 0.0, 0.0, 0.0053, 0.0153, 0.0, 0.0, 0.0, 0.0053, 0.0, 0.0, 0.0, 0.0, 0.0, 0.0, 0.0, 0.0, 0.0053, 0.009, 0.0], [0.0476, 0.0, 0.0, 0.0, 0.0, 0.0, 0.0, 0.0, 0.0476, 0.0, 0.0, 0.0, 0.0, 0.0, 0.0, 0.0, 0.0, 0.0, 0.0, 0.0, 0.0, 0.0, 1.0, 0.9524, 0.7937, 0.7008, 0.635, 0.5421, 0.0476, 0.0, 0.0, 0.0, 0.0, 0.0, 0.0, 0.0, 0.0, 0.0, 0.0, 0.0, 0.0476, 0.0476, 0.0, 0.0, 0.0, 0.0, 0.0, 0.0, 0.0, 0.0476, 0.0, 0.0, 0.0, 0.0, 0.0, 0.0476, 0.0, 0.0, 0.0476, 0.0, 0.0476, 0.0, 0.0, 0.0, 0.0, 0.0, 0.0, 0.0, 0.0, 0.0, 0.0, 0.0476, 0.0476, 0.0476, 0.0, 0.0, 0.0, 0.0, 0.0, 0.0476, 0.0, 0.0, 0.0, 0.0, 0.0476, 0.0, 0.0, 0.0476, 0.0, 0.0476, 0.0, 0.0, 0.0476, 0.0, 0.0, 0.0, 0.0, 0.0, 0.0476, 0.0, 0.0, 0.0, 0.0, 0.0, 0.0, 0.0, 0.0, 0.0, 0.0, 0.0, 0.0, 0.0, 0.0, 0.0, 0.0, 0.0], [0.0, 0.0, 0.0, 0.0, 0.0, 0.0, 0.2247, 0.0, 0.0, 0.0, 0.0, 0.0, 0.0, 0.0, 0.0, 0.0, 0.0, 0.0, 0.0, 0.0, 0.0, 0.0, 0.9524, 1.0, 0.9524, 0.7937, 0.7008, 0.5839, 0.0, 0.0, 0.0, 0.0, 0.0, 0.0, 0.0, 0.0, 0.0, 0.0, 0.0, 0.0, 0.0, 0.0, 0.0, 0.0, 0.0, 0.0, 0.0, 0.0, 0.0, 0.0, 0.0, 0.0, 0.0, 0.0, 0.0, 0.0, 0.0, 0.0, 0.0, 0.0, 0.0, 0.0, 0.0, 0.0, 0.0, 0.0, 0.0, 0.0, 0.0, 0.0, 0.0, 0.0, 0.0, 0.0, 0.0, 0.0, 0.0, 0.0, 0.0, 0.0, 0.0, 0.0, 0.0, 0.0, 0.0, 0.0, 0.0, 0.0, 0.0, 0.0, 0.0, 0.0, 0.0, 0.0, 0.0, 0.0, 0.0, 0.0, 0.0, 0.0, 0.0, 0.0, 0.0, 0.0, 0.0, 0.0, 0.0, 0.0, 0.0, 0.0, 0.0, 0.0, 0.0, 0.0, 0.0, 0.0], [0.0, 0.0, 0.0476, 0.0476, 0.0, 0.0, 0.2665, 0.0026, 0.0, 0.0, 0.0, 0.0, 0.0, 0.0, 0.0, 0.0, 0.0, 0.0, 0.0, 0.0, 0.0, 0.0, 0.7937, 0.9524, 1.0, 0.9524, 0.8413, 0.635, 0.0, 0.0, 0.0476, 0.0, 0.0, 0.0, 0.0, 0.0, 0.0, 0.0, 0.0, 0.0, 0.0, 0.0, 0.0, 0.0476, 0.0, 0.0, 0.0, 0.0, 0.0, 0.0, 0.0, 0.0, 0.0, 0.0, 0.0, 0.0, 0.0, 0.0, 0.0, 0.0, 0.0, 0.0, 0.0, 0.0, 0.0, 0.0, 0.0, 0.0, 0.0, 0.0, 0.0, 0.0, 0.0, 0.0, 0.0, 0.0, 0.0, 0.0, 0.0, 0.0, 0.0, 0.0476, 0.0476, 0.0, 0.0, 0.0, 0.0, 0.0, 0.0, 0.0, 0.0, 0.0, 0.0, 0.0, 0.0476, 0.0, 0.0, 0.0, 0.0, 0.0, 0.0, 0.0, 0.0, 0.0, 0.0, 0.0, 0.0, 0.0, 0.0, 0.0, 0.0, 0.0, 0.0476, 0.0, 0.0, 0.0], [0.0, 0.0, 0.0, 0.0, 0.0, 0.0, 0.3175, 0.0043, 0.0, 0.0, 0.0, 0.0, 0.0, 0.0, 0.0, 0.0, 0.0, 0.0, 0.0, 0.0, 0.0, 0.0, 0.7008, 0.7937, 0.9524, 1.0, 0.9524, 0.7008, 0.5421, 0.0, 0.0, 0.0, 0.0, 0.0, 0.0, 0.0, 0.0, 0.0, 0.0, 0.0, 0.0, 0.0, 0.0, 0.0, 0.0, 0.0, 0.0, 0.0, 0.0, 0.0, 0.0, 0.0, 0.0, 0.0, 0.0, 0.0, 0.0, 0.0, 0.0, 0.0, 0.0, 0.0, 0.0, 0.0, 0.0, 0.0, 0.0, 0.0, 0.0, 0.0, 0.0, 0.0, 0.0, 0.0, 0.0, 0.0, 0.0, 0.0, 0.0, 0.0, 0.0, 0.0, 0.0, 0.0, 0.0, 0.0, 0.0, 0.0, 0.0, 0.0, 0.0, 0.0, 0.0, 0.0, 0.0, 0.0, 0.0, 0.0, 0.0, 0.0, 0.0, 0.0, 0.0, 0.0, 0.0, 0.0, 0.0, 0.0, 0.0, 0.0, 0.0, 0.0, 0.0, 0.0, 0.0, 0.0], [0.0, 0.0, 0.0476, 0.0476, 0.0061, 0.0, 0.3834, 0.0064, 0.0149, 0.0, 0.0, 0.0, 0.0, 0.0, 0.0, 0.0, 0.0, 0.0, 0.0, 0.0, 0.0, 0.0, 0.635, 0.7008, 0.8413, 0.9524, 1.0, 0.7937, 0.5839, 0.0, 0.0476, 0.0, 0.0, 0.0, 0.0, 0.0, 0.0, 0.0, 0.0, 0.0, 0.0, 0.0, 0.0, 0.0476, 0.0, 0.0, 0.0, 0.0, 0.0, 0.0, 0.0, 0.0, 0.0, 0.0, 0.0, 0.0, 0.0, 0.0, 0.0, 0.0, 0.0, 0.0, 0.0, 0.0, 0.0, 0.0, 0.0, 0.0, 0.0, 0.0, 0.0, 0.0, 0.0, 0.0, 0.0, 0.0, 0.0, 0.0, 0.0, 0.0, 0.0, 0.0476, 0.0476, 0.0, 0.0, 0.0, 0.0, 0.0, 0.0, 0.0, 0.0, 0.0, 0.0, 0.0, 0.0476, 0.0, 0.0, 0.0, 0.0, 0.0, 0.0, 0.0, 0.0, 0.0, 0.0, 0.0, 0.0, 0.0, 0.0, 0.0, 0.0, 0.0, 0.0476, 0.0, 0.0, 0.0], [0.0, 0.0, 0.0, 0.0, 0.0077, 0.0, 0.635, 0.0127, 0.1077, 0.0, 0.0, 0.0, 0.0, 0.0, 0.0, 0.0, 0.0, 0.0, 0.0, 0.0, 0.0, 0.0, 0.5421, 0.5839, 0.635, 0.7008, 0.7937, 1.0, 0.7008, 0.0, 0.0, 0.0, 0.0, 0.0, 0.0, 0.0, 0.0, 0.0, 0.0, 0.0, 0.0, 0.0, 0.0, 0.0, 0.0, 0.0, 0.0, 0.0, 0.0, 0.0, 0.0, 0.0, 0.0, 0.0, 0.0, 0.0, 0.0, 0.0, 0.0, 0.0, 0.0, 0.0, 0.0, 0.0, 0.0, 0.0, 0.0, 0.0, 0.0, 0.0, 0.0, 0.0, 0.0, 0.0, 0.0, 0.0, 0.0, 0.0, 0.0, 0.0, 0.0, 0.0, 0.0, 0.0, 0.0, 0.0, 0.0, 0.0, 0.0, 0.0, 0.0, 0.0, 0.0, 0.0, 0.0, 0.0, 0.0, 0.0, 0.0, 0.0, 0.0, 0.0, 0.0, 0.0, 0.0, 0.0, 0.0, 0.0, 0.0, 0.0, 0.0, 0.0, 0.0, 0.0, 0.0, 0.0], [0.0476, 0.0, 0.0, 0.0, 0.0034, 0.0, 0.4763, 0.0191, 0.4728, 0.0, 0.1894, 0.0, 0.0, 0.0, 0.0, 0.0, 0.0, 0.0, 0.0, 0.0, 0.0, 0.0, 0.0476, 0.0, 0.0, 0.5421, 0.5839, 0.7008, 1.0, 0.2665, 0.3834, 0.0, 0.0, 0.0, 0.0, 0.0, 0.0, 0.0, 0.0, 0.0, 0.0476, 0.0476, 0.0, 0.0, 0.0, 0.0, 0.0, 0.0, 0.0, 0.0476, 0.0, 0.0, 0.0, 0.0, 0.0, 0.0476, 0.0, 0.0, 0.0476, 0.0, 0.0476, 0.0, 0.0, 0.0, 0.0, 0.0, 0.0, 0.0, 0.0, 0.0, 0.0, 0.0476, 0.0476, 0.0476, 0.0, 0.0, 0.0, 0.0, 0.0, 0.0476, 0.0, 0.0, 0.0, 0.0, 0.0476, 0.0, 0.0, 0.0476, 0.0, 0.0476, 0.0, 0.0, 0.0476, 0.0, 0.0, 0.0, 0.0, 0.0, 0.0476, 0.0, 0.0, 0.0, 0.0, 0.0, 0.0, 0.0, 0.0, 0.0, 0.0, 0.0, 0.0, 0.0, 0.0, 0.0, 0.0, 0.0], [0.0, 0.0, 0.0, 0.0, 0.0026, 0.0, 0.0, 0.0006, 0.0, 0.0, 0.2823, 0.0, 0.0, 0.0, 0.0, 0.0, 0.0, 0.0, 0.0, 0.2247, 0.0, 0.0, 0.0, 0.0, 0.0, 0.0, 0.0, 0.0, 0.2665, 1.0, 0.635, 0.3946, 0.1319, 0.0, 0.2934, 0.2247, 0.3175, 0.0, 0.0, 0.1319, 0.0, 0.0, 0.0, 0.0, 0.0, 0.1588, 0.0, 0.0, 0.0, 0.0, 0.0, 0.0, 0.0, 0.0, 0.0, 0.0, 0.0, 0.0, 0.0, 0.0, 0.0, 0.0, 0.0, 0.2665, 0.066, 0.4763, 0.635, 0.4763, 0.1319, 0.1588, 0.0107, 0.0, 0.0, 0.2665, 0.635, 0.635, 0.1077, 0.0, 0.0, 0.0, 0.0, 0.0, 0.0, 0.2247, 0.3175, 0.3175, 0.0, 0.0, 0.0, 0.0, 0.0, 0.0, 0.0, 0.0, 0.0, 0.0, 0.0, 0.0, 0.0, 0.0, 0.0, 0.0, 0.0, 0.0, 0.0, 0.0, 0.0, 0.0, 0.0, 0.0, 0.0, 0.0, 0.0, 0.0, 0.0, 0.0], [0.0, 0.0, 0.0476, 0.0476, 0.0, 0.0, 0.0, 0.0, 0.0367, 0.0, 0.1894, 0.0, 0.0, 0.0, 0.0, 0.0, 0.0, 0.0, 0.0, 0.0, 0.0, 0.0, 0.0, 0.0, 0.0476, 0.0, 0.0476, 0.0, 0.3834, 0.635, 1.0, 0.6861, 0.3834, 0.1736, 0.3175, 0.4252, 0.6703, 0.0, 0.0, 0.0, 0.0, 0.0, 0.0, 0.0476, 0.0, 0.3834, 0.0, 0.0, 0.0, 0.0, 0.0, 0.0, 0.0, 0.0, 0.0, 0.0, 0.0, 0.0, 0.0, 0.0, 0.0, 0.0, 0.0, 0.0, 0.0, 0.0, 0.0, 0.0, 0.0, 0.0, 0.0, 0.0, 0.0, 0.0, 0.0, 0.0, 0.0, 0.0, 0.0, 0.0, 0.0, 0.0476, 0.0476, 0.0, 0.4252, 0.3834, 0.0, 0.0, 0.0, 0.0, 0.0, 0.0, 0.0, 0.0, 0.0476, 0.0, 0.0, 0.0, 0.0, 0.0, 0.0, 0.0, 0.0, 0.0, 0.0, 0.0, 0.0, 0.0, 0.0, 0.0, 0.0, 0.0, 0.0476, 0.0, 0.0, 0.0], [0.0, 0.0, 0.0, 0.0, 0.0038, 0.0, 0.0, 0.0, 0.1736, 0.0, 0.0966, 0.0, 0.0, 0.0, 0.0, 0.0, 0.0, 0.0, 0.0, 0.0, 0.0, 0.0, 0.0, 0.0, 0.0, 0.0, 0.0, 0.0, 0.0, 0.3946, 0.6861, 1.0, 0.5116, 0.2665, 0.3834, 0.4763, 0.491, 0.0, 0.2906, 0.0, 0.0, 0.0, 0.0, 0.0, 0.0, 0.635, 0.0, 0.0, 0.0, 0.0, 0.0, 0.0, 0.0, 0.0, 0.0, 0.0, 0.0, 0.0, 0.0, 0.0, 0.0, 0.0, 0.0, 0.0, 0.0, 0.0, 0.0, 0.0, 0.0, 0.0, 0.0, 0.0, 0.0, 0.0, 0.0, 0.0, 0.0, 0.0, 0.0, 0.0, 0.0, 0.0, 0.0, 0.0, 0.0, 0.0, 0.0, 0.0, 0.0, 0.0, 0.0, 0.0, 0.0, 0.0, 0.0, 0.0, 0.0, 0.0, 0.0, 0.0, 0.0, 0.0, 0.0, 0.0, 0.0, 0.0, 0.0, 0.0, 0.0, 0.0, 0.0, 0.0, 0.0, 0.0, 0.0, 0.0], [0.0, 0.0, 0.0, 0.0, 0.0025, 0.0, 0.0, 0.0, 0.0149, 0.0, 0.0, 0.0, 0.0, 0.0625, 0.0, 0.0, 0.0, 0.0, 0.0, 0.0, 0.0, 0.0, 0.0, 0.0, 0.0, 0.0, 0.0, 0.0, 0.0, 0.1319, 0.3834, 0.5116, 1.0, 0.3427, 0.2247, 0.3834, 0.4685, 0.0978, 0.5569, 0.1319, 0.1736, 0.2247, 0.2906, 0.3834, 0.5421, 0.564, 0.3834, 0.2247, 0.0149, 0.1736, 0.3834, 0.3834, 0.0, 0.0, 0.0, 0.0, 0.0, 0.0476, 0.0, 0.0, 0.0, 0.0, 0.0, 0.0, 0.0, 0.0476, 0.0, 0.0476, 0.0476, 0.0476, 0.0, 0.0, 0.0, 0.0, 0.0, 0.0, 0.0, 0.0, 0.0, 0.0, 0.0, 0.0, 0.0, 0.0, 0.0, 0.0149, 0.2247, 0.0, 0.0, 0.0, 0.0, 0.0, 0.0, 0.0, 0.0, 0.0, 0.0, 0.0, 0.0, 0.0, 0.0, 0.0, 0.0, 0.0, 0.0476, 0.0, 0.0, 0.0, 0.0, 0.0, 0.0, 0.0, 0.0, 0.0, 0.0, 0.0], [0.0, 0.0, 0.0, 0.0, 0.0, 0.0, 0.0, 0.0, 0.0149, 0.1135, 0.0567, 0.0, 0.0, 0.0476, 0.0, 0.0, 0.0, 0.0, 0.0, 0.0, 0.0, 0.0012, 0.0, 0.0, 0.0, 0.0, 0.0, 0.0, 0.0, 0.0, 0.1736, 0.2665, 0.3427, 1.0, 0.4252, 0.4252, 0.1736, 0.301, 0.1736, 0.491, 0.0, 0.0, 0.0, 0.0, 0.0, 0.0, 0.0, 0.0, 0.0567, 0.0, 0.0, 0.0, 0.0, 0.0, 0.0, 0.0, 0.0, 0.0476, 0.0, 0.1736, 0.3323, 0.5839, 0.4252, 0.1736, 0.0, 0.0476, 0.0, 0.0476, 0.0476, 0.0476, 0.0, 0.0, 0.0, 0.0, 0.0, 0.0, 0.0, 0.0, 0.0, 0.0, 0.0, 0.0, 0.0, 0.0, 0.0, 0.0, 0.5839, 0.0, 0.0, 0.0, 0.0, 0.0, 0.0, 0.0, 0.0, 0.0, 0.0, 0.0, 0.0, 0.0, 0.0, 0.0, 0.0, 0.0, 0.0476, 0.0, 0.0, 0.0, 0.0, 0.0, 0.5839, 0.3323, 0.2665, 0.0, 0.0, 0.0], [0.0, 0.0, 0.0, 0.0, 0.0, 0.0, 0.0, 0.0, 0.0, 0.0, 0.2042, 0.0, 0.0, 0.0, 0.0, 0.0, 0.0, 0.0, 0.0, 0.5421, 0.0, 0.0041, 0.0, 0.0, 0.0, 0.0, 0.0, 0.0, 0.0, 0.2934, 0.3175, 0.3834, 0.2247, 0.4252, 1.0, 0.7937, 0.4763, 0.3417, 0.1319, 0.0, 0.0, 0.0, 0.0, 0.0, 0.0, 0.0, 0.0, 0.0, 0.0, 0.0, 0.0, 0.0, 0.0, 0.0, 0.0, 0.0, 0.0, 0.0, 0.0, 0.0, 0.0, 0.0, 0.0, 0.0, 0.0, 0.0, 0.0, 0.0, 0.0, 0.0, 0.0, 0.0, 0.0, 0.0, 0.4252, 0.5421, 0.635, 0.2247, 0.0, 0.0, 0.0, 0.0, 0.0, 0.0, 0.0, 0.0, 0.0, 0.0, 0.0, 0.0, 0.0, 0.0, 0.0, 0.0, 0.0, 0.0, 0.0, 0.0, 0.0, 0.0, 0.0, 0.0, 0.0, 0.0, 0.0, 0.0, 0.0, 0.0, 0.0, 0.0, 0.0, 0.0, 0.0, 0.0, 0.0, 0.0], [0.0, 0.0, 0.0, 0.0, 0.0, 0.0, 0.0, 0.0, 0.0, 0.0, 0.0, 0.0, 0.0, 0.0, 0.0, 0.0, 0.0, 0.0, 0.0, 0.0, 0.0, 0.0053, 0.0, 0.0, 0.0, 0.0, 0.0, 0.0, 0.0, 0.2247, 0.4252, 0.4763, 0.3834, 0.4252, 0.7937, 1.0, 0.7937, 0.3834, 0.3323, 0.0, 0.0, 0.0, 0.0, 0.0, 0.0, 0.0, 0.0, 0.0, 0.0, 0.0, 0.0, 0.0, 0.0, 0.0, 0.0, 0.0, 0.0, 0.0, 0.0, 0.0, 0.0, 0.0, 0.0, 0.0, 0.0, 0.0, 0.0, 0.0, 0.0, 0.0, 0.0, 0.0, 0.0, 0.0, 0.0, 0.0, 0.0, 0.0, 0.0, 0.0, 0.0, 0.0, 0.0, 0.0, 0.0, 0.0, 0.0, 0.0, 0.0, 0.0, 0.0, 0.0, 0.0, 0.0, 0.0, 0.0, 0.0, 0.0, 0.0, 0.0, 0.0, 0.0, 0.0, 0.0, 0.0, 0.0, 0.0, 0.0, 0.0, 0.0, 0.0, 0.0, 0.0, 0.0, 0.0, 0.0], [0.0, 0.0, 0.0, 0.0, 0.0, 0.0, 0.0, 0.0, 0.0, 0.0, 0.0, 0.0, 0.0, 0.0, 0.0, 0.0, 0.0, 0.0, 0.0, 0.0, 0.0, 0.0026, 0.0, 0.0, 0.0, 0.0, 0.0, 0.0, 0.0, 0.3175, 0.6703, 0.491, 0.4685, 0.1736, 0.4763, 0.7937, 1.0, 0.3834, 0.3417, 0.0, 0.0, 0.0, 0.0, 0.0, 0.0, 0.4763, 0.0, 0.0, 0.0, 0.0, 0.0, 0.0, 0.0, 0.0, 0.0, 0.0, 0.0, 0.0, 0.0, 0.0, 0.0, 0.0, 0.0, 0.0, 0.0, 0.0, 0.0, 0.0, 0.0, 0.0, 0.0, 0.0, 0.0, 0.0, 0.0, 0.0, 0.0, 0.0, 0.0, 0.0, 0.0, 0.0, 0.0, 0.0, 0.3834, 0.3175, 0.0, 0.0, 0.0, 0.0, 0.0, 0.0, 0.0, 0.0, 0.0, 0.0, 0.0, 0.0, 0.0, 0.0, 0.0, 0.0, 0.0, 0.0, 0.0, 0.0, 0.0, 0.0, 0.0, 0.0, 0.0, 0.0, 0.0, 0.0, 0.0, 0.0], [0.0, 0.0, 0.0, 0.0, 0.0, 0.0, 0.0, 0.0, 0.0, 0.0, 0.0766, 0.0, 0.1184, 0.0476, 0.0, 0.0, 0.0, 0.0, 0.0, 0.039, 0.1319, 0.0153, 0.0, 0.0, 0.0, 0.0, 0.0, 0.0, 0.0, 0.0, 0.0, 0.0, 0.0978, 0.301, 0.3417, 0.3834, 0.3834, 1.0, 0.1466, 0.4493, 0.0, 0.0, 0.0, 0.0, 0.0, 0.0, 0.0, 0.0, 0.0, 0.0, 0.0, 0.0, 0.0, 0.0, 0.0, 0.0, 0.0, 0.0476, 0.0, 0.0, 0.0, 0.0, 0.0, 0.0, 0.0, 0.0476, 0.0, 0.0476, 0.0476, 0.0476, 0.0, 0.0, 0.0, 0.0, 0.0, 0.1736, 0.3834, 0.3834, 0.0, 0.0, 0.0, 0.0, 0.0, 0.0, 0.0, 0.0, 0.2906, 0.0, 0.0, 0.0, 0.3175, 0.0, 0.0, 0.0, 0.0, 0.0, 0.0, 0.0, 0.1319, 0.3834, 0.0, 0.0, 0.0, 0.0, 0.0476, 0.0, 0.0, 0.0, 0.0, 0.0, 0.0, 0.0, 0.0, 0.0, 0.0, 0.0], [0.0, 0.0, 0.0, 0.0, 0.0034, 0.0, 0.0476, 0.0, 0.2395, 0.1677, 0.0476, 0.0, 0.0, 0.1319, 0.0, 0.0, 0.0476, 0.0, 0.0476, 0.0, 0.0, 0.0016, 0.0, 0.0, 0.0, 0.0, 0.0, 0.0, 0.0, 0.0, 0.0, 0.2906, 0.5569, 0.1736, 0.1319, 0.3323, 0.3417, 0.1466, 1.0, 0.1795, 0.0, 0.0, 0.0, 0.0, 0.0, 0.2247, 0.0, 0.0, 0.1319, 0.3834, 0.3834, 0.4493, 0.0, 0.0, 0.0, 0.0, 0.0, 0.0, 0.0, 0.0, 0.0, 0.0476, 0.0, 0.0, 0.0, 0.0, 0.0, 0.0, 0.0, 0.0, 0.0, 0.0, 0.0, 0.0, 0.0, 0.0, 0.0476, 0.0, 0.0, 0.0, 0.0, 0.0, 0.0, 0.0, 0.0, 0.0476, 0.3323, 0.0, 0.0, 0.0, 0.0, 0.0, 0.0, 0.0, 0.0, 0.0, 0.0, 0.0, 0.0, 0.0, 0.0476, 0.0, 0.0, 0.0, 0.0, 0.0, 0.0, 0.0, 0.0, 0.0, 0.0, 0.0, 0.0, 0.0, 0.0, 0.0], [0.0, 0.0, 0.0, 0.0, 0.0019, 0.0, 0.0476, 0.0, 0.0, 0.0, 0.0513, 0.0, 0.0, 0.0, 0.0, 0.0, 0.0476, 0.0, 0.0476, 0.1977, 0.0, 0.0067, 0.0, 0.0, 0.0, 0.0, 0.0, 0.0, 0.0, 0.1319, 0.0, 0.0, 0.1319, 0.491, 0.0, 0.0, 0.0, 0.4493, 0.1795, 1.0, 0.0, 0.0, 0.0, 0.0, 0.0, 0.0, 0.0, 0.0, 0.0, 0.0, 0.0, 0.0, 0.0, 0.0, 0.0, 0.0, 0.0, 0.0, 0.0, 0.0, 0.0, 0.0476, 0.2906, 0.5421, 0.4493, 0.3834, 0.3834, 0.3323, 0.039, 0.0, 0.0, 0.0, 0.0, 0.0, 0.0, 0.0, 0.0476, 0.0, 0.0, 0.0, 0.0, 0.0, 0.0, 0.0, 0.0, 0.0476, 0.5421, 0.0, 0.0, 0.0, 0.0, 0.0, 0.0, 0.0, 0.0, 0.0, 0.0, 0.0, 0.0, 0.0, 0.0476, 0.0, 0.0, 0.0, 0.0, 0.0, 0.0, 0.0, 0.0, 0.0, 0.0, 0.0, 0.0, 0.0, 0.0, 0.0], [0.0476, 0.0, 0.0, 0.0, 0.0, 0.0, 0.0, 0.0, 0.0476, 0.0, 0.0, 0.0, 0.0, 0.0, 0.0, 0.0, 0.0, 0.0, 0.0, 0.0, 0.0, 0.0, 0.0476, 0.0, 0.0, 0.0, 0.0, 0.0, 0.0476, 0.0, 0.0, 0.0, 0.1736, 0.0, 0.0, 0.0, 0.0, 0.0, 0.0, 0.0, 1.0, 1.0, 0.7937, 0.7008, 0.635, 0.3834, 0.0, 0.0, 0.0, 0.0476, 0.0, 0.0, 0.0, 0.0, 0.0, 0.0476, 0.0, 0.0, 0.0476, 0.0, 0.0476, 0.0, 0.0, 0.0, 0.0, 0.0, 0.0, 0.0, 0.0, 0.0, 0.0, 0.0476, 0.0476, 0.0476, 0.0, 0.0, 0.0, 0.0, 0.0, 0.0476, 0.0, 0.0, 0.0, 0.0, 0.0476, 0.0, 0.0, 0.0476, 0.0, 0.0476, 0.0, 0.0, 0.0476, 0.0, 0.0, 0.0, 0.0, 0.0, 0.0476, 0.0, 0.0, 0.0, 0.0, 0.0, 0.0, 0.0, 0.0, 0.0, 0.0, 0.0, 0.0, 0.0, 0.0, 0.0, 0.0, 0.0], [0.0476, 0.0, 0.0, 0.0, 0.0, 0.0, 0.0, 0.0, 0.0476, 0.0, 0.0, 0.0, 0.0, 0.0, 0.0, 0.0, 0.0, 0.0, 0.0, 0.0, 0.0, 0.0, 0.0476, 0.0, 0.0, 0.0, 0.0, 0.0, 0.0476, 0.0, 0.0, 0.0, 0.2247, 0.0, 0.0, 0.0, 0.0, 0.0, 0.0, 0.0, 1.0, 1.0, 0.9524, 0.7937, 0.7008, 0.4252, 0.5421, 0.0, 0.0, 0.0476, 0.0, 0.0, 0.0, 0.0, 0.0, 0.0476, 0.0, 0.0, 0.0476, 0.0, 0.0476, 0.0, 0.0, 0.0, 0.0, 0.0, 0.0, 0.0, 0.0, 0.0, 0.0, 0.0476, 0.0476, 0.0476, 0.0, 0.0, 0.0, 0.0, 0.0, 0.0476, 0.0, 0.0, 0.0, 0.0, 0.0476, 0.0, 0.0, 0.0476, 0.0, 0.0476, 0.0, 0.0, 0.0476, 0.0, 0.0, 0.0, 0.0, 0.0, 0.0476, 0.0, 0.0, 0.0, 0.0, 0.0, 0.0, 0.0, 0.0, 0.0, 0.0, 0.0, 0.0, 0.0, 0.0, 0.0, 0.0, 0.0], [0.0, 0.0, 0.0, 0.0, 0.0, 0.0, 0.0, 0.0, 0.0, 0.0, 0.0, 0.0, 0.0, 0.0, 0.0, 0.0, 0.0, 0.0, 0.0, 0.0, 0.0, 0.0, 0.0, 0.0, 0.0, 0.0, 0.0, 0.0, 0.0, 0.0, 0.0, 0.0, 0.2906, 0.0, 0.0, 0.0, 0.0, 0.0, 0.0, 0.0, 0.7937, 0.9524, 1.0, 0.9524, 0.7937, 0.4763, 0.5839, 0.0, 0.0, 0.0, 0.0, 0.0, 0.0, 0.0, 0.0, 0.0, 0.0, 0.0, 0.0, 0.0, 0.0, 0.0, 0.0, 0.0, 0.0, 0.0, 0.0, 0.0, 0.0, 0.0, 0.0, 0.0, 0.0, 0.0, 0.0, 0.0, 0.0, 0.0, 0.0, 0.0, 0.0, 0.0, 0.0, 0.0, 0.0, 0.0, 0.0, 0.0, 0.0, 0.0, 0.0, 0.0, 0.0, 0.0, 0.0, 0.0, 0.0, 0.0, 0.0, 0.0, 0.0, 0.0, 0.0, 0.0, 0.0, 0.0, 0.0, 0.0, 0.0, 0.0, 0.0, 0.0, 0.0, 0.0, 0.0, 0.0], [0.0, 0.0, 0.0476, 0.0476, 0.0, 0.0, 0.0, 0.0, 0.0, 0.0, 0.0, 0.0, 0.0, 0.0, 0.0, 0.0, 0.0, 0.0, 0.0, 0.0, 0.0, 0.0, 0.0, 0.0, 0.0476, 0.0, 0.0476, 0.0, 0.0, 0.0, 0.0476, 0.0, 0.3834, 0.0, 0.0, 0.0, 0.0, 0.0, 0.0, 0.0, 0.7008, 0.7937, 0.9524, 1.0, 0.9524, 0.5421, 0.635, 0.5421, 0.0, 0.0, 0.0, 0.0, 0.0, 0.0, 0.0, 0.0, 0.0, 0.0, 0.0, 0.0, 0.0, 0.0, 0.0, 0.0, 0.0, 0.0, 0.0, 0.0, 0.0, 0.0, 0.0, 0.0, 0.0, 0.0, 0.0, 0.0, 0.0, 0.0, 0.0, 0.0, 0.0, 0.0476, 0.0476, 0.0, 0.0, 0.0, 0.0, 0.0, 0.0, 0.0, 0.0, 0.0, 0.0, 0.0, 0.0476, 0.0, 0.0, 0.0, 0.0, 0.0, 0.0, 0.0, 0.0, 0.0, 0.0, 0.0, 0.0, 0.0, 0.0, 0.0, 0.0, 0.0, 0.0476, 0.0, 0.0, 0.0], [0.0, 0.0, 0.0, 0.0, 0.0, 0.0, 0.0, 0.0, 0.0, 0.0, 0.0, 0.0, 0.0, 0.0, 0.0, 0.0, 0.0, 0.0, 0.0, 0.0, 0.0, 0.0, 0.0, 0.0, 0.0, 0.0, 0.0, 0.0, 0.0, 0.0, 0.0, 0.0, 0.5421, 0.0, 0.0, 0.0, 0.0, 0.0, 0.0, 0.0, 0.635, 0.7008, 0.7937, 0.9524, 1.0, 0.635, 0.7008, 0.5839, 0.3834, 0.0, 0.0, 0.0, 0.0, 0.0, 0.0, 0.0, 0.0, 0.0, 0.0, 0.0, 0.0, 0.0, 0.0, 0.0, 0.0, 0.0, 0.0, 0.0, 0.0, 0.0, 0.0, 0.0, 0.0, 0.0, 0.0, 0.0, 0.0, 0.0, 0.0, 0.0, 0.0, 0.0, 0.0, 0.0, 0.0, 0.0, 0.0, 0.0, 0.0, 0.0, 0.0, 0.0, 0.0, 0.0, 0.0, 0.0, 0.0, 0.0, 0.0, 0.0, 0.0, 0.0, 0.0, 0.0, 0.0, 0.0, 0.0, 0.0, 0.0, 0.0, 0.0, 0.0, 0.0, 0.0, 0.0, 0.0], [0.0, 0.0, 0.0, 0.0, 0.0026, 0.0, 0.0, 0.0, 0.0149, 0.0, 0.0, 0.0, 0.0, 0.0, 0.0, 0.0, 0.0, 0.0, 0.0, 0.0, 0.0, 0.0, 0.0, 0.0, 0.0, 0.0, 0.0, 0.0, 0.0, 0.1588, 0.3834, 0.635, 0.564, 0.0, 0.0, 0.0, 0.4763, 0.0, 0.2247, 0.0, 0.3834, 0.4252, 0.4763, 0.5421, 0.635, 1.0, 0.7937, 0.5421, 0.3175, 0.3834, 0.0, 0.0, 0.0, 0.0, 0.0, 0.0, 0.0, 0.0, 0.0, 0.0, 0.0, 0.0, 0.0, 0.0, 0.0, 0.0, 0.0, 0.0, 0.0, 0.0, 0.0, 0.0, 0.0, 0.0, 0.0, 0.0, 0.0, 0.0, 0.0, 0.0, 0.0, 0.0, 0.0, 0.0, 0.0, 0.2247, 0.0, 0.0, 0.0, 0.0, 0.0, 0.0, 0.0, 0.0, 0.0, 0.0, 0.0, 0.0, 0.0, 0.0, 0.0, 0.0, 0.0, 0.0, 0.0, 0.0, 0.0, 0.0, 0.0, 0.0, 0.0, 0.0, 0.0, 0.0, 0.0, 0.0], [0.0, 0.0, 0.0, 0.0, 0.0061, 0.0, 0.0, 0.0064, 0.0149, 0.0, 0.0, 0.0, 0.0, 0.0, 0.0, 0.0, 0.0, 0.0, 0.0, 0.0, 0.0, 0.0, 0.0, 0.0, 0.0, 0.0, 0.0, 0.0, 0.0, 0.0, 0.0, 0.0, 0.3834, 0.0, 0.0, 0.0, 0.0, 0.0, 0.0, 0.0, 0.0, 0.5421, 0.5839, 0.635, 0.7008, 0.7937, 1.0, 0.7937, 0.5421, 0.5839, 0.0, 0.0, 0.0, 0.0, 0.0, 0.0, 0.0, 0.0, 0.0, 0.0, 0.0, 0.0, 0.0, 0.0, 0.0, 0.0, 0.0, 0.0, 0.0, 0.0, 0.0, 0.0, 0.0, 0.0, 0.0, 0.0, 0.0, 0.0, 0.0, 0.0, 0.0, 0.0, 0.0, 0.0, 0.0, 0.0, 0.0, 0.0, 0.0, 0.0, 0.0, 0.0, 0.0, 0.0, 0.0, 0.0, 0.0, 0.0, 0.0, 0.0, 0.0, 0.0, 0.0, 0.0, 0.0, 0.0, 0.0, 0.0, 0.0, 0.0, 0.0, 0.0, 0.0, 0.0, 0.0, 0.0], [0.0, 0.0, 0.0, 0.0, 0.0077, 0.0, 0.0, 0.0127, 0.1077, 0.0, 0.0, 0.0, 0.0, 0.0, 0.0, 0.0, 0.0, 0.0, 0.0, 0.0, 0.0, 0.0, 0.0, 0.0, 0.0, 0.0, 0.0, 0.0, 0.0, 0.0, 0.0, 0.0, 0.2247, 0.0, 0.0, 0.0, 0.0, 0.0, 0.0, 0.0, 0.0, 0.0, 0.0, 0.5421, 0.5839, 0.5421, 0.7937, 1.0, 0.7937, 0.7008, 0.0, 0.0, 0.0, 0.0, 0.0, 0.0, 0.0, 0.0, 0.0, 0.0, 0.0, 0.0, 0.0, 0.0, 0.0, 0.0, 0.0, 0.0, 0.0, 0.0, 0.0, 0.0, 0.0, 0.0, 0.0, 0.0, 0.0, 0.0, 0.0, 0.0, 0.0, 0.0, 0.0, 0.0, 0.0, 0.0, 0.0, 0.0, 0.0, 0.0, 0.0, 0.0, 0.0, 0.0, 0.0, 0.0, 0.0, 0.0, 0.0, 0.0, 0.0, 0.0, 0.0, 0.0, 0.0, 0.0, 0.0, 0.0, 0.0, 0.0, 0.0, 0.0, 0.0, 0.0, 0.0, 0.0], [0.0, 0.0, 0.0, 0.0, 0.0, 0.0, 0.0, 0.0191, 0.1736, 0.0, 0.0, 0.0, 0.0, 0.0, 0.0, 0.0, 0.0, 0.0, 0.0, 0.0, 0.0, 0.0, 0.0, 0.0, 0.0, 0.0, 0.0, 0.0, 0.0, 0.0, 0.0, 0.0, 0.0149, 0.0567, 0.0, 0.0, 0.0, 0.0, 0.1319, 0.0, 0.0, 0.0, 0.0, 0.0, 0.3834, 0.3175, 0.5421, 0.7937, 1.0, 0.635, 0.0, 0.0, 0.0, 0.0, 0.0, 0.4252, 0.4763, 0.3834, 0.635, 0.7937, 0.635, 0.3834, 0.0, 0.0, 0.0, 0.0, 0.0, 0.0, 0.0, 0.0, 0.0, 0.0, 0.0, 0.0, 0.0, 0.0, 0.0, 0.0, 0.0, 0.0, 0.0, 0.0, 0.0, 0.0, 0.0, 0.0, 0.0, 0.0, 0.0, 0.0, 0.0, 0.0, 0.0, 0.0, 0.0, 0.0, 0.0, 0.0, 0.0, 0.0, 0.0, 0.0, 0.0, 0.0, 0.0, 0.0, 0.0, 0.0, 0.0, 0.0, 0.0, 0.0, 0.0, 0.0, 0.0, 0.0], [0.0476, 0.0, 0.0, 0.0, 0.0034, 0.0, 0.0, 0.0191, 0.4728, 0.0, 0.0, 0.0, 0.0, 0.0, 0.0, 0.0, 0.0, 0.0, 0.0, 0.0, 0.0, 0.0, 0.0476, 0.0, 0.0, 0.0, 0.0, 0.0, 0.0476, 0.0, 0.0, 0.0, 0.1736, 0.0, 0.0, 0.0, 0.0, 0.0, 0.3834, 0.0, 0.0476, 0.0476, 0.0, 0.0, 0.0, 0.3834, 0.5839, 0.7008, 0.635, 1.0, 0.3834, 0.0, 0.0, 0.0, 0.0, 0.0476, 0.0, 0.0, 0.0476, 0.0, 0.0476, 0.0, 0.0, 0.0, 0.0, 0.0, 0.0, 0.0, 0.0, 0.0, 0.0, 0.0476, 0.0476, 0.0476, 0.0, 0.0, 0.0, 0.0, 0.0, 0.0476, 0.0, 0.0, 0.0, 0.0, 0.0476, 0.0, 0.0, 0.0476, 0.0, 0.0476, 0.0, 0.0, 0.0476, 0.0, 0.0, 0.0, 0.0, 0.0, 0.0476, 0.0, 0.0, 0.0, 0.0, 0.0, 0.0, 0.0, 0.0, 0.0, 0.0, 0.0, 0.0, 0.0, 0.0, 0.0, 0.0, 0.0], [0.0, 0.0, 0.0, 0.0, 0.0034, 0.0, 0.0, 0.0, 0.0567, 0.1135, 0.0, 0.0, 0.2247, 0.3175, 0.0476, 0.0476, 0.0, 0.0476, 0.2665, 0.0476, 0.0, 0.0, 0.0, 0.0, 0.0, 0.0, 0.0, 0.0, 0.0, 0.0, 0.0, 0.0, 0.3834, 0.0, 0.0, 0.0, 0.0, 0.0, 0.3834, 0.0, 0.0, 0.0, 0.0, 0.0, 0.0, 0.0, 0.0, 0.0, 0.0, 0.3834, 1.0, 0.7937, 0.0476, 0.0, 0.0, 0.0, 0.0, 0.4763, 0.0, 0.0, 0.0, 0.0, 0.0, 0.0, 0.0476, 0.0, 0.0, 0.0, 0.5421, 0.0, 0.0, 0.0, 0.0, 0.0, 0.0, 0.0, 0.0, 0.0476, 0.0, 0.0, 0.0, 0.0, 0.0, 0.0, 0.0, 0.0, 0.0, 0.0, 0.0, 0.0, 0.0, 0.0476, 0.0, 0.0, 0.0, 0.0, 0.0, 0.0, 0.0, 0.0, 0.0, 0.1588, 0.2212, 0.3834, 0.0, 0.0, 0.0, 0.0, 0.0, 0.0, 0.0, 0.0, 0.0, 0.0, 0.0, 0.0], [0.0, 0.0, 0.0, 0.0, 0.0077, 0.0, 0.0, 0.0, 0.0149, 0.1405, 0.0, 0.0, 0.0, 0.5421, 0.0, 0.0, 0.0, 0.0, 0.4763, 0.0, 0.0, 0.0, 0.0, 0.0, 0.0, 0.0, 0.0, 0.0, 0.0, 0.0, 0.0, 0.0, 0.3834, 0.0, 0.0, 0.0, 0.0, 0.0, 0.4493, 0.0, 0.0, 0.0, 0.0, 0.0, 0.0, 0.0, 0.0, 0.0, 0.0, 0.0, 0.7937, 1.0, 0.2247, 0.0, 0.0, 0.0, 0.0, 0.0, 0.0, 0.0, 0.0, 0.0, 0.0, 0.0, 0.0, 0.0, 0.0, 0.0, 0.0, 0.0, 0.0, 0.0, 0.0, 0.0, 0.0, 0.0, 0.0, 0.0, 0.0, 0.0, 0.0, 0.0, 0.0, 0.0, 0.0, 0.0, 0.0, 0.0, 0.0, 0.0, 0.0, 0.0, 0.0, 0.0, 0.0, 0.0, 0.0, 0.0, 0.0, 0.0, 0.0, 0.0, 0.0, 0.0, 0.0, 0.0, 0.0, 0.0, 0.0, 0.0, 0.0, 0.0, 0.0, 0.0, 0.0, 0.0], [0.0, 0.0, 0.0, 0.0, 0.0033, 0.0, 0.0, 0.0, 0.0, 0.0, 0.0, 0.0, 0.2885, 0.3175, 0.3652, 0.0625, 0.0, 0.0476, 0.3946, 0.0476, 0.0, 0.0, 0.0, 0.0, 0.0, 0.0, 0.0, 0.0, 0.0, 0.0, 0.0, 0.0, 0.0, 0.0, 0.0, 0.0, 0.0, 0.0, 0.0, 0.0, 0.0, 0.0, 0.0, 0.0, 0.0, 0.0, 0.0, 0.0, 0.0, 0.0, 0.0476, 0.2247, 1.0, 0.7278, 0.6007, 0.0, 0.0, 0.0, 0.0, 0.0, 0.0, 0.0, 0.0, 0.0, 0.0625, 0.0, 0.0, 0.0, 0.0, 0.0, 0.0, 0.0, 0.0, 0.0, 0.0, 0.0, 0.0, 0.0625, 0.0, 0.0, 0.0, 0.0, 0.0, 0.0, 0.0, 0.4763, 0.0, 0.0, 0.0, 0.0, 0.0, 0.0476, 0.0, 0.0, 0.0, 0.0, 0.0, 0.0, 0.0, 0.0, 0.2247, 0.0, 0.0476, 0.0, 0.0, 0.0053, 0.0, 0.0, 0.0, 0.0, 0.0, 0.0, 0.0, 0.0, 0.0, 0.3175], [0.0, 0.0, 0.0, 0.0, 0.0075, 0.0, 0.0, 0.0, 0.0, 0.0235, 0.0, 0.0476, 0.1894, 0.4763, 0.0, 0.0, 0.0, 0.0, 0.5421, 0.0, 0.0476, 0.0006, 0.0, 0.0, 0.0, 0.0, 0.0, 0.0, 0.0, 0.0, 0.0, 0.0, 0.0, 0.0, 0.0, 0.0, 0.0, 0.0, 0.0, 0.0, 0.0, 0.0, 0.0, 0.0, 0.0, 0.0, 0.0, 0.0, 0.0, 0.0, 0.0, 0.0, 0.7278, 1.0, 0.4969, 0.0, 0.0, 0.0, 0.0, 0.0, 0.0, 0.0, 0.0, 0.0476, 0.0, 0.0, 0.0, 0.0, 0.0, 0.0, 0.0, 0.0, 0.0, 0.0, 0.0, 0.0, 0.0, 0.0, 0.0476, 0.0, 0.0, 0.0, 0.0, 0.0, 0.0, 0.0, 0.0, 0.0, 0.0, 0.0, 0.0476, 0.0, 0.0, 0.0, 0.0, 0.0, 0.0, 0.0, 0.0, 0.0, 0.0, 0.0, 0.0, 0.0476, 0.0, 0.0, 0.0, 0.0, 0.0, 0.0476, 0.0, 0.0, 0.0, 0.0, 0.0476, 0.0], [0.0, 0.0, 0.0, 0.0, 0.0024, 0.0, 0.0, 0.0, 0.1736, 0.0, 0.0, 0.0476, 0.2495, 0.0, 0.066, 0.2906, 0.0, 0.0, 0.1319, 0.0, 0.0476, 0.0026, 0.0, 0.0, 0.0, 0.0, 0.0, 0.0, 0.0, 0.0, 0.0, 0.0, 0.0, 0.0, 0.0, 0.0, 0.0, 0.0, 0.0, 0.0, 0.0, 0.0, 0.0, 0.0, 0.0, 0.0, 0.0, 0.0, 0.0, 0.0, 0.0, 0.0, 0.6007, 0.4969, 1.0, 0.0, 0.0, 0.0, 0.0, 0.0, 0.0, 0.0, 0.0, 0.0476, 0.039, 0.0, 0.0, 0.0, 0.0, 0.0, 0.0, 0.0, 0.0, 0.0, 0.0, 0.0, 0.0, 0.0, 0.0476, 0.0, 0.0, 0.0, 0.0, 0.0, 0.0, 0.3834, 0.0, 0.0, 0.0, 0.0, 0.0476, 0.0, 0.0, 0.0, 0.0, 0.0, 0.0, 0.0, 0.0, 0.0, 0.4493, 0.0, 0.0, 0.0476, 0.0, 0.0116, 0.0, 0.0, 0.0, 0.0476, 0.0, 0.0, 0.0, 0.0, 0.0476, 0.3323], [0.0476, 0.0, 0.0, 0.0, 0.0, 0.0, 0.0, 0.0026, 0.0476, 0.0, 0.0, 0.0, 0.0, 0.0, 0.0, 0.0, 0.0, 0.0, 0.0, 0.0, 0.0, 0.0, 0.0476, 0.0, 0.0, 0.0, 0.0, 0.0, 0.0476, 0.0, 0.0, 0.0, 0.0, 0.0, 0.0, 0.0, 0.0, 0.0, 0.0, 0.0, 0.0476, 0.0476, 0.0, 0.0, 0.0, 0.0, 0.0, 0.0, 0.4252, 0.0476, 0.0, 0.0, 0.0, 0.0, 0.0, 1.0, 0.9524, 0.635, 0.7485, 0.635, 0.0476, 0.0, 0.0, 0.0, 0.0, 0.0, 0.0, 0.0, 0.0, 0.0, 0.0, 0.0476, 0.0476, 0.0476, 0.0, 0.0, 0.0, 0.0, 0.0, 0.0476, 0.0, 0.0, 0.0, 0.0, 0.0476, 0.0, 0.0, 0.0476, 0.0, 0.0476, 0.0, 0.0, 0.0476, 0.0, 0.0, 0.0, 0.0, 0.0, 0.0476, 0.0, 0.0, 0.0, 0.0, 0.0, 0.0, 0.0, 0.0, 0.0, 0.0, 0.0, 0.0, 0.0, 0.0, 0.0, 0.0, 0.0], [0.0, 0.0, 0.0, 0.0, 0.0, 0.0, 0.0, 0.0043, 0.0, 0.0, 0.0, 0.0, 0.0, 0.0, 0.0, 0.0, 0.0, 0.0, 0.0, 0.0, 0.0, 0.0, 0.0, 0.0, 0.0, 0.0, 0.0, 0.0, 0.0, 0.0, 0.0, 0.0, 0.0, 0.0, 0.0, 0.0, 0.0, 0.0, 0.0, 0.0, 0.0, 0.0, 0.0, 0.0, 0.0, 0.0, 0.0, 0.0, 0.4763, 0.0, 0.0, 0.0, 0.0, 0.0, 0.0, 0.9524, 1.0, 0.7937, 0.7937, 0.7008, 0.5421, 0.0, 0.0, 0.0, 0.0, 0.0, 0.0, 0.0, 0.0, 0.0, 0.0, 0.0, 0.0, 0.0, 0.0, 0.0, 0.0, 0.0, 0.0, 0.0, 0.0, 0.0, 0.0, 0.0, 0.0, 0.0, 0.0, 0.0, 0.0, 0.0, 0.0, 0.0, 0.0, 0.0, 0.0, 0.0, 0.0, 0.0, 0.0, 0.0, 0.0, 0.0, 0.0, 0.0, 0.0, 0.0, 0.0, 0.0, 0.0, 0.0, 0.0, 0.0, 0.0, 0.0, 0.0, 0.0], [0.0, 0.0, 0.0, 0.0, 0.0, 0.0, 0.0, 0.0, 0.1077, 0.0894, 0.0, 0.0, 0.1894, 0.0476, 0.0, 0.0, 0.0, 0.0, 0.0, 0.0, 0.0, 0.0, 0.0, 0.0, 0.0, 0.0, 0.0, 0.0, 0.0, 0.0, 0.0, 0.0, 0.0476, 0.0476, 0.0, 0.0, 0.0, 0.0476, 0.0, 0.0, 0.0, 0.0, 0.0, 0.0, 0.0, 0.0, 0.0, 0.0, 0.3834, 0.0, 0.4763, 0.0, 0.0, 0.0, 0.0, 0.635, 0.7937, 1.0, 0.7937, 0.635, 0.4252, 0.0, 0.0, 0.0, 0.0, 0.0476, 0.0, 0.0476, 0.3382, 0.0476, 0.0, 0.0, 0.0, 0.0, 0.0, 0.0, 0.0, 0.0, 0.0, 0.0, 0.0, 0.0, 0.0, 0.0, 0.0, 0.0, 0.0, 0.0, 0.0, 0.0, 0.0, 0.0, 0.0, 0.0, 0.0, 0.0, 0.0, 0.0, 0.0, 0.0, 0.0, 0.066, 0.0, 0.0, 0.0476, 0.0, 0.0, 0.0, 0.0, 0.0, 0.0, 0.0, 0.0, 0.0, 0.0, 0.0], [0.0476, 0.0, 0.0, 0.0, 0.0, 0.0, 0.0, 0.009, 0.1043, 0.0, 0.0, 0.0, 0.0, 0.0, 0.0, 0.0, 0.0, 0.0, 0.0, 0.0, 0.0, 0.0, 0.0476, 0.0, 0.0, 0.0, 0.0, 0.0, 0.0476, 0.0, 0.0, 0.0, 0.0, 0.0, 0.0, 0.0, 0.0, 0.0, 0.0, 0.0, 0.0476, 0.0476, 0.0, 0.0, 0.0, 0.0, 0.0, 0.0, 0.635, 0.0476, 0.0, 0.0, 0.0, 0.0, 0.0, 0.7485, 0.7937, 0.7937, 1.0, 0.9524, 0.6826, 0.0, 0.0, 0.0, 0.0, 0.0, 0.0, 0.0, 0.0, 0.0, 0.0, 0.0476, 0.0476, 0.0476, 0.0, 0.0, 0.0, 0.0, 0.0, 0.0476, 0.0, 0.0, 0.0, 0.0, 0.0476, 0.0, 0.0, 0.0476, 0.0, 0.0476, 0.0, 0.0, 0.0476, 0.0, 0.0, 0.0, 0.0, 0.0, 0.0476, 0.0, 0.0, 0.0, 0.0, 0.0, 0.0, 0.0, 0.0, 0.0, 0.0, 0.0, 0.0, 0.0, 0.0, 0.0, 0.0, 0.0], [0.0, 0.0, 0.0, 0.0, 0.0, 0.0, 0.0, 0.0127, 0.1077, 0.0, 0.0, 0.0, 0.0, 0.0, 0.0, 0.0, 0.0, 0.0, 0.0, 0.0, 0.0, 0.0, 0.0, 0.0, 0.0, 0.0, 0.0, 0.0, 0.0, 0.0, 0.0, 0.0, 0.0, 0.1736, 0.0, 0.0, 0.0, 0.0, 0.0, 0.0, 0.0, 0.0, 0.0, 0.0, 0.0, 0.0, 0.0, 0.0, 0.7937, 0.0, 0.0, 0.0, 0.0, 0.0, 0.0, 0.635, 0.7008, 0.635, 0.9524, 1.0, 0.7008, 0.0, 0.0, 0.0, 0.0, 0.0, 0.0, 0.0, 0.0, 0.0, 0.0, 0.0, 0.0, 0.0, 0.0, 0.0, 0.0, 0.0, 0.0, 0.0, 0.0, 0.0, 0.0, 0.0, 0.0, 0.0, 0.0, 0.0, 0.0, 0.0, 0.0, 0.0, 0.0, 0.0, 0.0, 0.0, 0.0, 0.0, 0.0, 0.0, 0.0, 0.0, 0.0, 0.0, 0.0, 0.0, 0.0, 0.0, 0.0, 0.0, 0.0, 0.0, 0.0, 0.0, 0.0, 0.0], [0.0476, 0.0, 0.0, 0.0, 0.0, 0.0, 0.0, 0.0191, 0.4728, 0.0477, 0.0, 0.0, 0.0, 0.0, 0.0, 0.0, 0.0, 0.0, 0.0, 0.0, 0.0, 0.0, 0.0476, 0.0, 0.0, 0.0, 0.0, 0.0, 0.0476, 0.0, 0.0, 0.0, 0.0, 0.3323, 0.0, 0.0, 0.0, 0.0, 0.0, 0.0, 0.0476, 0.0476, 0.0, 0.0, 0.0, 0.0, 0.0, 0.0, 0.635, 0.0476, 0.0, 0.0, 0.0, 0.0, 0.0, 0.0476, 0.5421, 0.4252, 0.6826, 0.7008, 1.0, 0.635, 0.5839, 0.0, 0.0, 0.0, 0.0, 0.0, 0.0, 0.0, 0.0, 0.0476, 0.0476, 0.0476, 0.0, 0.0, 0.0, 0.0, 0.0, 0.0476, 0.0, 0.0